P1 <- c(79, 74, 88, 80, 80, 66, 65, 86, 84, 80, 78, 72, 71, 74, 86, 96, 77, 81, 76, 80,
        76, 75, 78, 87, 87, 74, 85, 84, 76, 77, 76, 74, 85, 74, 76, 77, 76, 74, 81, 76)
        
P3 <- c(142, 134, 98, 119, 131, 103, 154, 122, 93, 137, 86, 119, 161, 144, 158, 165, 81, 117, 128, 103)

